1	2	282
1	3	672
1	4	825
1	5	654
1	6	525
1	7	991
1	8	817
1	9	325
1	10	675
1	11	129
1	12	129
1	13	885
1	14	349
1	15	382
1	16	646
1	17	413
1	18	423
1	19	595
1	20	545
1	21	554
1	22	423
1	23	660
1	24	995
1	25	601
1	26	627
1	27	669
1	28	183
1	29	793
1	30	87
1	31	782
1	32	838
1	33	763
1	34	784
1	35	560
1	36	733
1	37	974
1	38	867
1	39	814
1	40	131
1	41	399
1	42	719
1	43	844
1	44	283
1	45	172
1	46	144
1	47	902
1	48	358
1	49	962
1	50	505
1	51	789
1	52	454
1	53	116
1	54	153
1	55	929
1	56	837
1	57	415
1	58	894
1	59	689
1	60	404
1	61	362
1	62	640
1	63	931
1	64	996
1	65	626
1	66	785
1	67	692
1	68	373
1	69	59
1	70	374
1	71	922
1	72	74
1	73	624
1	74	595
1	75	697
1	76	554
1	77	108
1	78	378
1	79	151
1	80	113
1	81	768
1	82	343
1	83	186
1	84	146
1	85	635
1	86	207
1	87	49
1	88	834
1	89	213
1	90	695
1	91	8
1	92	442
1	93	451
1	94	233
1	95	489
1	96	620
1	97	123
1	98	504
1	99	703
1	100	855
2	3	358
2	4	584
2	5	215
2	6	297
2	7	714
2	8	285
2	9	786
2	10	778
2	11	839
2	12	630
2	13	575
2	14	131
2	15	204
2	16	500
2	17	316
2	18	452
2	19	182
2	20	263
2	21	839
2	22	34
2	23	856
2	24	102
2	25	819
2	26	971
2	27	473
2	28	461
2	29	336
2	30	155
2	31	219
2	32	998
2	33	882
2	34	51
2	35	890
2	36	384
2	37	524
2	38	967
2	39	918
2	40	632
2	41	861
2	42	37
2	43	966
2	44	496
2	45	907
2	46	51
2	47	254
2	48	249
2	49	705
2	50	962
2	51	391
2	52	421
2	53	601
2	54	385
2	55	397
2	56	130
2	57	737
2	58	35
2	59	304
2	60	981
2	61	337
2	62	679
2	63	168
2	64	513
2	65	236
2	66	327
2	67	462
2	68	590
2	69	84
2	70	465
2	71	330
2	72	481
2	73	869
2	74	761
2	75	77
2	76	204
2	77	116
2	78	779
2	79	983
2	80	509
2	81	209
2	82	390
2	83	322
2	84	773
2	85	24
2	86	664
2	87	247
2	88	909
2	89	514
2	90	39
2	91	658
2	92	889
2	93	839
2	94	140
2	95	815
2	96	109
2	97	528
2	98	342
2	99	635
2	100	245
3	4	11
3	5	316
3	6	698
3	7	949
3	8	905
3	9	210
3	10	266
3	11	187
3	12	329
3	13	367
3	14	611
3	15	262
3	16	161
3	17	551
3	18	935
3	19	483
3	20	646
3	21	84
3	22	678
3	23	791
3	24	559
3	25	868
3	26	246
3	27	66
3	28	112
3	29	772
3	30	375
3	31	972
3	32	156
3	33	643
3	34	642
3	35	326
3	36	656
3	37	978
3	38	709
3	39	774
3	40	549
3	41	439
3	42	101
3	43	118
3	44	207
3	45	868
3	46	29
3	47	312
3	48	23
3	49	813
3	50	533
3	51	61
3	52	576
3	53	393
3	54	239
3	55	809
3	56	180
3	57	370
3	58	670
3	59	440
3	60	247
3	61	41
3	62	603
3	63	989
3	64	430
3	65	843
3	66	669
3	67	756
3	68	230
3	69	704
3	70	679
3	71	369
3	72	197
3	73	511
3	74	569
3	75	161
3	76	279
3	77	501
3	78	743
3	79	996
3	80	217
3	81	46
3	82	817
3	83	651
3	84	674
3	85	243
3	86	779
3	87	722
3	88	628
3	89	339
3	90	59
3	91	852
3	92	417
3	93	624
3	94	311
3	95	146
3	96	799
3	97	474
3	98	93
3	99	31
3	100	731
4	5	364
4	6	153
4	7	178
4	8	322
4	9	589
4	10	445
4	11	206
4	12	305
4	13	739
4	14	50
4	15	109
4	16	616
4	17	60
4	18	406
4	19	817
4	20	666
4	21	175
4	22	478
4	23	446
4	24	689
4	25	68
4	26	615
4	27	890
4	28	78
4	29	602
4	30	302
4	31	832
4	32	23
4	33	561
4	34	810
4	35	927
4	36	916
4	37	12
4	38	28
4	39	146
4	40	957
4	41	939
4	42	116
4	43	797
4	44	874
4	45	130
4	46	785
4	47	500
4	48	574
4	49	351
4	50	741
4	51	940
4	52	56
4	53	710
4	54	60
4	55	700
4	56	434
4	57	309
4	58	596
4	59	55
4	60	234
4	61	395
4	62	111
4	63	182
4	64	592
4	65	952
4	66	475
4	67	713
4	68	166
4	69	50
4	70	444
4	71	939
4	72	287
4	73	854
4	74	546
4	75	893
4	76	31
4	77	629
4	78	627
4	79	288
4	80	500
4	81	529
4	82	263
4	83	783
4	84	459
4	85	880
4	86	658
4	87	98
4	88	363
4	89	518
4	90	669
4	91	291
4	92	289
4	93	963
4	94	626
4	95	161
4	96	77
4	97	761
4	98	869
4	99	630
4	100	138
5	6	287
5	7	520
5	8	656
5	9	482
5	10	549
5	11	15
5	12	295
5	13	967
5	14	668
5	15	544
5	16	45
5	17	395
5	18	537
5	19	554
5	20	612
5	21	89
5	22	133
5	23	740
5	24	366
5	25	421
5	26	761
5	27	905
5	28	951
5	29	110
5	30	396
5	31	644
5	32	522
5	33	111
5	34	938
5	35	921
5	36	23
5	37	200
5	38	758
5	39	276
5	40	284
5	41	181
5	42	32
5	43	116
5	44	859
5	45	790
5	46	423
5	47	61
5	48	168
5	49	692
5	50	812
5	51	876
5	52	643
5	53	163
5	54	13
5	55	645
5	56	631
5	57	397
5	58	497
5	59	185
5	60	217
5	61	983
5	62	646
5	63	891
5	64	227
5	65	614
5	66	35
5	67	403
5	68	688
5	69	374
5	70	189
5	71	160
5	72	1
5	73	259
5	74	242
5	75	98
5	76	491
5	77	933
5	78	938
5	79	469
5	80	799
5	81	306
5	82	716
5	83	236
5	84	250
5	85	230
5	86	351
5	87	396
5	88	996
5	89	890
5	90	581
5	91	696
5	92	676
5	93	83
5	94	789
5	95	311
5	96	209
5	97	977
5	98	71
5	99	239
5	100	741
6	7	780
6	8	552
6	9	498
6	10	722
6	11	322
6	12	737
6	13	341
6	14	222
6	15	378
6	16	41
6	17	359
6	18	968
6	19	517
6	20	792
6	21	698
6	22	231
6	23	390
6	24	64
6	25	915
6	26	988
6	27	243
6	28	69
6	29	619
6	30	382
6	31	87
6	32	424
6	33	898
6	34	231
6	35	76
6	36	51
6	37	316
6	38	601
6	39	664
6	40	110
6	41	230
6	42	949
6	43	125
6	44	640
6	45	904
6	46	492
6	47	21
6	48	550
6	49	780
6	50	905
6	51	818
6	52	279
6	53	489
6	54	8
6	55	476
6	56	122
6	57	284
6	58	860
6	59	679
6	60	301
6	61	965
6	62	153
6	63	781
6	64	921
6	65	350
6	66	833
6	67	489
6	68	136
6	69	804
6	70	163
6	71	453
6	72	898
6	73	56
6	74	346
6	75	86
6	76	703
6	77	99
6	78	295
6	79	656
6	80	242
6	81	81
6	82	544
6	83	34
6	84	305
6	85	608
6	86	285
6	87	9
6	88	362
6	89	436
6	90	165
6	91	386
6	92	539
6	93	436
6	94	628
6	95	981
6	96	139
6	97	523
6	98	3
6	99	732
6	100	178
7	8	499
7	9	130
7	10	723
7	11	698
7	12	347
7	13	233
7	14	742
7	15	825
7	16	276
7	17	451
7	18	147
7	19	696
7	20	648
7	21	95
7	22	613
7	23	795
7	24	491
7	25	619
7	26	537
7	27	956
7	28	378
7	29	981
7	30	722
7	31	906
7	32	490
7	33	136
7	34	38
7	35	323
7	36	253
7	37	135
7	38	184
7	39	548
7	40	883
7	41	410
7	42	964
7	43	483
7	44	174
7	45	569
7	46	340
7	47	767
7	48	747
7	49	1000
7	50	217
7	51	449
7	52	550
7	53	664
7	54	749
7	55	872
7	56	788
7	57	71
7	58	566
7	59	940
7	60	252
7	61	621
7	62	667
7	63	734
7	64	78
7	65	787
7	66	26
7	67	483
7	68	152
7	69	476
7	70	536
7	71	553
7	72	439
7	73	354
7	74	618
7	75	739
7	76	925
7	77	508
7	78	244
7	79	541
7	80	875
7	81	381
7	82	276
7	83	94
7	84	514
7	85	617
7	86	993
7	87	723
7	88	40
7	89	54
7	90	423
7	91	336
7	92	241
7	93	148
7	94	881
7	95	50
7	96	826
7	97	335
7	98	649
7	99	856
7	100	763
8	9	545
8	10	587
8	11	857
8	12	660
8	13	161
8	14	807
8	15	524
8	16	783
8	17	245
8	18	475
8	19	480
8	20	358
8	21	536
8	22	553
8	23	189
8	24	608
8	25	960
8	26	555
8	27	561
8	28	467
8	29	189
8	30	481
8	31	124
8	32	153
8	33	432
8	34	943
8	35	446
8	36	856
8	37	18
8	38	499
8	39	401
8	40	339
8	41	665
8	42	286
8	43	867
8	44	440
8	45	157
8	46	233
8	47	126
8	48	91
8	49	284
8	50	13
8	51	71
8	52	578
8	53	17
8	54	612
8	55	242
8	56	963
8	57	504
8	58	535
8	59	480
8	60	802
8	61	361
8	62	512
8	63	188
8	64	53
8	65	157
8	66	443
8	67	421
8	68	661
8	69	307
8	70	819
8	71	623
8	72	830
8	73	733
8	74	115
8	75	954
8	76	119
8	77	926
8	78	738
8	79	173
8	80	835
8	81	697
8	82	330
8	83	945
8	84	704
8	85	716
8	86	674
8	87	474
8	88	373
8	89	775
8	90	638
8	91	868
8	92	105
8	93	610
8	94	978
8	95	807
8	96	387
8	97	497
8	98	635
8	99	130
8	100	31
9	10	24
9	11	887
9	12	119
9	13	133
9	14	25
9	15	693
9	16	874
9	17	299
9	18	161
9	19	757
9	20	261
9	21	27
9	22	455
9	23	828
9	24	12
9	25	659
9	26	232
9	27	48
9	28	32
9	29	84
9	30	829
9	31	698
9	32	57
9	33	973
9	34	887
9	35	950
9	36	738
9	37	48
9	38	519
9	39	233
9	40	864
9	41	234
9	42	108
9	43	377
9	44	325
9	45	245
9	46	308
9	47	930
9	48	462
9	49	225
9	50	967
9	51	648
9	52	946
9	53	363
9	54	612
9	55	167
9	56	141
9	57	2
9	58	156
9	59	122
9	60	1
9	61	634
9	62	616
9	63	371
9	64	277
9	65	965
9	66	473
9	67	91
9	68	864
9	69	669
9	70	374
9	71	261
9	72	559
9	73	897
9	74	630
9	75	133
9	76	86
9	77	336
9	78	187
9	79	318
9	80	561
9	81	96
9	82	648
9	83	783
9	84	405
9	85	682
9	86	797
9	87	610
9	88	80
9	89	669
9	90	34
9	91	380
9	92	468
9	93	65
9	94	915
9	95	221
9	96	758
9	97	568
9	98	179
9	99	43
9	100	604
10	11	224
10	12	289
10	13	101
10	14	329
10	15	790
10	16	514
10	17	590
10	18	432
10	19	122
10	20	44
10	21	726
10	22	825
10	23	865
10	24	452
10	25	338
10	26	114
10	27	858
10	28	456
10	29	727
10	30	988
10	31	623
10	32	744
10	33	49
10	34	737
10	35	493
10	36	887
10	37	971
10	38	823
10	39	923
10	40	554
10	41	865
10	42	642
10	43	142
10	44	803
10	45	133
10	46	681
10	47	360
10	48	952
10	49	704
10	50	161
10	51	701
10	52	362
10	53	789
10	54	742
10	55	781
10	56	64
10	57	664
10	58	476
10	59	230
10	60	612
10	61	608
10	62	164
10	63	832
10	64	869
10	65	371
10	66	776
10	67	926
10	68	271
10	69	648
10	70	857
10	71	288
10	72	281
10	73	470
10	74	750
10	75	477
10	76	346
10	77	219
10	78	205
10	79	679
10	80	327
10	81	444
10	82	902
10	83	882
10	84	579
10	85	19
10	86	312
10	87	290
10	88	182
10	89	310
10	90	303
10	91	602
10	92	517
10	93	438
10	94	921
10	95	221
10	96	916
10	97	413
10	98	360
10	99	718
10	100	833
11	12	154
11	13	857
11	14	188
11	15	948
11	16	281
11	17	342
11	18	520
11	19	669
11	20	346
11	21	548
11	22	382
11	23	998
11	24	472
11	25	452
11	26	148
11	27	726
11	28	851
11	29	123
11	30	154
11	31	273
11	32	553
11	33	293
11	34	483
11	35	368
11	36	673
11	37	958
11	38	517
11	39	117
11	40	891
11	41	488
11	42	15
11	43	981
11	44	890
11	45	664
11	46	983
11	47	108
11	48	374
11	49	63
11	50	459
11	51	282
11	52	486
11	53	256
11	54	940
11	55	318
11	56	116
11	57	347
11	58	661
11	59	433
11	60	945
11	61	502
11	62	927
11	63	138
11	64	603
11	65	620
11	66	171
11	67	725
11	68	817
11	69	962
11	70	300
11	71	277
11	72	194
11	73	535
11	74	893
11	75	917
11	76	748
11	77	519
11	78	962
11	79	288
11	80	837
11	81	425
11	82	667
11	83	230
11	84	45
11	85	960
11	86	681
11	87	945
11	88	64
11	89	816
11	90	396
11	91	596
11	92	548
11	93	37
11	94	216
11	95	374
11	96	321
11	97	870
11	98	197
11	99	956
11	100	764
12	13	88
12	14	212
12	15	974
12	16	175
12	17	462
12	18	674
12	19	732
12	20	253
12	21	130
12	22	228
12	23	673
12	24	79
12	25	260
12	26	193
12	27	914
12	28	938
12	29	220
12	30	523
12	31	689
12	32	699
12	33	4
12	34	679
12	35	507
12	36	439
12	37	809
12	38	531
12	39	69
12	40	630
12	41	838
12	42	214
12	43	130
12	44	264
12	45	225
12	46	582
12	47	475
12	48	924
12	49	105
12	50	925
12	51	167
12	52	674
12	53	720
12	54	630
12	55	766
12	56	161
12	57	59
12	58	781
12	59	347
12	60	822
12	61	216
12	62	688
12	63	664
12	64	768
12	65	894
12	66	139
12	67	29
12	68	209
12	69	96
12	70	736
12	71	198
12	72	275
12	73	948
12	74	56
12	75	381
12	76	446
12	77	589
12	78	844
12	79	957
12	80	193
12	81	708
12	82	831
12	83	314
12	84	168
12	85	706
12	86	565
12	87	251
12	88	327
12	89	763
12	90	567
12	91	632
12	92	424
12	93	766
12	94	623
12	95	396
12	96	857
12	97	766
12	98	932
12	99	372
12	100	883
13	14	709
13	15	427
13	16	74
13	17	389
13	18	581
13	19	562
13	20	801
13	21	395
13	22	321
13	23	892
13	24	904
13	25	205
13	26	623
13	27	255
13	28	519
13	29	287
13	30	691
13	31	542
13	32	329
13	33	176
13	34	22
13	35	699
13	36	305
13	37	712
13	38	30
13	39	426
13	40	480
13	41	709
13	42	390
13	43	376
13	44	730
13	45	516
13	46	175
13	47	750
13	48	128
13	49	134
13	50	107
13	51	673
13	52	305
13	53	878
13	54	67
13	55	201
13	56	724
13	57	34
13	58	410
13	59	127
13	60	269
13	61	19
13	62	324
13	63	295
13	64	699
13	65	472
13	66	344
13	67	410
13	68	209
13	69	771
13	70	774
13	71	773
13	72	244
13	73	362
13	74	694
13	75	918
13	76	65
13	77	442
13	78	228
13	79	523
13	80	681
13	81	173
13	82	24
13	83	633
13	84	281
13	85	235
13	86	567
13	87	910
13	88	200
13	89	989
13	90	241
13	91	719
13	92	889
13	93	944
13	94	777
13	95	834
13	96	228
13	97	963
13	98	804
13	99	912
13	100	465
14	15	358
14	16	418
14	17	552
14	18	108
14	19	86
14	20	676
14	21	564
14	22	279
14	23	148
14	24	605
14	25	24
14	26	12
14	27	402
14	28	712
14	29	105
14	30	737
14	31	931
14	32	256
14	33	368
14	34	18
14	35	966
14	36	434
14	37	664
14	38	392
14	39	521
14	40	853
14	41	443
14	42	74
14	43	810
14	44	843
14	45	272
14	46	608
14	47	108
14	48	773
14	49	237
14	50	519
14	51	983
14	52	311
14	53	302
14	54	381
14	55	938
14	56	177
14	57	203
14	58	568
14	59	807
14	60	994
14	61	773
14	62	934
14	63	379
14	64	401
14	65	11
14	66	185
14	67	210
14	68	855
14	69	903
14	70	946
14	71	768
14	72	752
14	73	914
14	74	266
14	75	351
14	76	421
14	77	602
14	78	728
14	79	742
14	80	569
14	81	909
14	82	48
14	83	455
14	84	211
14	85	458
14	86	949
14	87	753
14	88	443
14	89	777
14	90	119
14	91	255
14	92	701
14	93	993
14	94	510
14	95	858
14	96	113
14	97	393
14	98	920
14	99	43
14	100	270
15	16	877
15	17	697
15	18	832
15	19	587
15	20	332
15	21	787
15	22	930
15	23	86
15	24	317
15	25	577
15	26	209
15	27	567
15	28	282
15	29	266
15	30	826
15	31	92
15	32	520
15	33	922
15	34	390
15	35	231
15	36	891
15	37	506
15	38	149
15	39	858
15	40	624
15	41	689
15	42	445
15	43	16
15	44	591
15	45	217
15	46	58
15	47	758
15	48	361
15	49	12
15	50	303
15	51	819
15	52	707
15	53	18
15	54	561
15	55	773
15	56	294
15	57	193
15	58	491
15	59	690
15	60	70
15	61	6
15	62	204
15	63	278
15	64	955
15	65	369
15	66	51
15	67	637
15	68	795
15	69	971
15	70	414
15	71	475
15	72	539
15	73	87
15	74	54
15	75	37
15	76	996
15	77	352
15	78	125
15	79	345
15	80	354
15	81	827
15	82	64
15	83	809
15	84	841
15	85	554
15	86	968
15	87	4
15	88	138
15	89	372
15	90	380
15	91	416
15	92	479
15	93	428
15	94	597
15	95	28
15	96	117
15	97	330
15	98	88
15	99	187
15	100	454
16	17	285
16	18	39
16	19	577
16	20	641
16	21	21
16	22	931
16	23	594
16	24	113
16	25	902
16	26	391
16	27	992
16	28	478
16	29	805
16	30	854
16	31	539
16	32	705
16	33	18
16	34	695
16	35	442
16	36	508
16	37	128
16	38	370
16	39	942
16	40	287
16	41	440
16	42	793
16	43	538
16	44	631
16	45	494
16	46	807
16	47	441
16	48	908
16	49	38
16	50	879
16	51	167
16	52	766
16	53	486
16	54	362
16	55	831
16	56	586
16	57	314
16	58	609
16	59	818
16	60	493
16	61	908
16	62	956
16	63	742
16	64	784
16	65	737
16	66	849
16	67	951
16	68	527
16	69	913
16	70	841
16	71	829
16	72	47
16	73	775
16	74	921
16	75	952
16	76	270
16	77	534
16	78	740
16	79	216
16	80	808
16	81	232
16	82	358
16	83	629
16	84	69
16	85	928
16	86	637
16	87	318
16	88	151
16	89	478
16	90	716
16	91	51
16	92	894
16	93	964
16	94	29
16	95	492
16	96	126
16	97	575
16	98	943
16	99	545
16	100	452
17	18	486
17	19	987
17	20	251
17	21	672
17	22	973
17	23	520
17	24	244
17	25	308
17	26	56
17	27	986
17	28	493
17	29	793
17	30	242
17	31	361
17	32	24
17	33	329
17	34	446
17	35	526
17	36	718
17	37	370
17	38	298
17	39	605
17	40	122
17	41	38
17	42	170
17	43	754
17	44	852
17	45	306
17	46	552
17	47	989
17	48	248
17	49	489
17	50	447
17	51	450
17	52	166
17	53	988
17	54	876
17	55	276
17	56	244
17	57	676
17	58	335
17	59	246
17	60	730
17	61	126
17	62	119
17	63	164
17	64	702
17	65	813
17	66	949
17	67	320
17	68	542
17	69	97
17	70	265
17	71	844
17	72	752
17	73	966
17	74	912
17	75	337
17	76	960
17	77	510
17	78	860
17	79	70
17	80	466
17	81	368
17	82	71
17	83	168
17	84	635
17	85	69
17	86	742
17	87	806
17	88	425
17	89	698
17	90	692
17	91	89
17	92	539
17	93	216
17	94	642
17	95	871
17	96	584
17	97	845
17	98	957
17	99	412
17	100	160
18	19	30
18	20	311
18	21	490
18	22	625
18	23	605
18	24	753
18	25	523
18	26	656
18	27	133
18	28	902
18	29	315
18	30	417
18	31	219
18	32	254
18	33	38
18	34	486
18	35	355
18	36	242
18	37	930
18	38	954
18	39	850
18	40	461
18	41	232
18	42	67
18	43	108
18	44	927
18	45	947
18	46	497
18	47	167
18	48	343
18	49	419
18	50	931
18	51	864
18	52	281
18	53	746
18	54	807
18	55	474
18	56	303
18	57	493
18	58	484
18	59	996
18	60	524
18	61	878
18	62	392
18	63	829
18	64	247
18	65	670
18	66	774
18	67	862
18	68	481
18	69	499
18	70	21
18	71	591
18	72	949
18	73	18
18	74	765
18	75	575
18	76	391
18	77	7
18	78	892
18	79	229
18	80	924
18	81	923
18	82	347
18	83	434
18	84	626
18	85	334
18	86	456
18	87	660
18	88	682
18	89	401
18	90	182
18	91	562
18	92	695
18	93	61
18	94	780
18	95	575
18	96	742
18	97	750
18	98	14
18	99	604
18	100	715
19	20	268
19	21	75
19	22	799
19	23	539
19	24	728
19	25	723
19	26	736
19	27	871
19	28	693
19	29	876
19	30	504
19	31	886
19	32	983
19	33	881
19	34	922
19	35	472
19	36	269
19	37	841
19	38	964
19	39	708
19	40	755
19	41	369
19	42	949
19	43	503
19	44	489
19	45	632
19	46	546
19	47	954
19	48	214
19	49	972
19	50	81
19	51	162
19	52	547
19	53	558
19	54	400
19	55	373
19	56	437
19	57	445
19	58	435
19	59	349
19	60	75
19	61	166
19	62	580
19	63	94
19	64	298
19	65	10
19	66	4
19	67	333
19	68	688
19	69	924
19	70	301
19	71	541
19	72	886
19	73	233
19	74	867
19	75	186
19	76	291
19	77	81
19	78	654
19	79	625
19	80	731
19	81	781
19	82	448
19	83	288
19	84	678
19	85	965
19	86	601
19	87	453
19	88	140
19	89	669
19	90	184
19	91	387
19	92	349
19	93	180
19	94	714
19	95	280
19	96	386
19	97	152
19	98	321
19	99	731
19	100	250
20	21	376
20	22	393
20	23	699
20	24	979
20	25	539
20	26	796
20	27	950
20	28	347
20	29	731
20	30	820
20	31	122
20	32	398
20	33	945
20	34	893
20	35	551
20	36	614
20	37	566
20	38	686
20	39	664
20	40	57
20	41	9
20	42	694
20	43	691
20	44	321
20	45	397
20	46	524
20	47	762
20	48	831
20	49	610
20	50	978
20	51	144
20	52	607
20	53	650
20	54	931
20	55	937
20	56	116
20	57	497
20	58	671
20	59	472
20	60	489
20	61	583
20	62	899
20	63	201
20	64	396
20	65	30
20	66	461
20	67	103
20	68	193
20	69	930
20	70	335
20	71	564
20	72	735
20	73	408
20	74	645
20	75	182
20	76	875
20	77	584
20	78	753
20	79	95
20	80	702
20	81	73
20	82	449
20	83	966
20	84	450
20	85	591
20	86	558
20	87	440
20	88	786
20	89	80
20	90	679
20	91	818
20	92	735
20	93	282
20	94	794
20	95	291
20	96	315
20	97	501
20	98	243
20	99	968
20	100	764
21	22	9
21	23	47
21	24	457
21	25	917
21	26	627
21	27	415
21	28	346
21	29	698
21	30	162
21	31	589
21	32	471
21	33	412
21	34	541
21	35	566
21	36	136
21	37	896
21	38	601
21	39	791
21	40	489
21	41	427
21	42	151
21	43	96
21	44	379
21	45	495
21	46	692
21	47	947
21	48	812
21	49	316
21	50	47
21	51	386
21	52	868
21	53	452
21	54	772
21	55	454
21	56	715
21	57	743
21	58	483
21	59	849
21	60	205
21	61	965
21	62	372
21	63	805
21	64	213
21	65	329
21	66	73
21	67	676
21	68	137
21	69	926
21	70	273
21	71	705
21	72	936
21	73	892
21	74	263
21	75	804
21	76	77
21	77	23
21	78	364
21	79	56
21	80	251
21	81	954
21	82	566
21	83	53
21	84	305
21	85	919
21	86	341
21	87	276
21	88	978
21	89	581
21	90	749
21	91	568
21	92	568
21	93	44
21	94	64
21	95	474
21	96	454
21	97	99
21	98	305
21	99	328
21	100	26
22	23	515
22	24	956
22	25	997
22	26	640
22	27	749
22	28	381
22	29	238
22	30	489
22	31	622
22	32	437
22	33	837
22	34	509
22	35	690
22	36	105
22	37	304
22	38	805
22	39	896
22	40	709
22	41	594
22	42	562
22	43	149
22	44	538
22	45	890
22	46	975
22	47	837
22	48	926
22	49	924
22	50	617
22	51	413
22	52	475
22	53	396
22	54	782
22	55	548
22	56	156
22	57	690
22	58	157
22	59	372
22	60	973
22	61	1
22	62	680
22	63	95
22	64	217
22	65	625
22	66	576
22	67	218
22	68	521
22	69	237
22	70	559
22	71	590
22	72	14
22	73	33
22	74	747
22	75	854
22	76	517
22	77	899
22	78	409
22	79	556
22	80	487
22	81	424
22	82	708
22	83	964
22	84	837
22	85	951
22	86	467
22	87	13
22	88	708
22	89	621
22	90	114
22	91	814
22	92	826
22	93	788
22	94	143
22	95	236
22	96	3
22	97	207
22	98	9
22	99	491
22	100	876
23	24	101
23	25	514
23	26	745
23	27	698
23	28	492
23	29	999
23	30	566
23	31	507
23	32	389
23	33	17
23	34	481
23	35	775
23	36	406
23	37	525
23	38	785
23	39	53
23	40	687
23	41	641
23	42	675
23	43	469
23	44	375
23	45	505
23	46	913
23	47	456
23	48	69
23	49	41
23	50	244
23	51	644
23	52	144
23	53	893
23	54	469
23	55	580
23	56	478
23	57	734
23	58	938
23	59	91
23	60	303
23	61	835
23	62	647
23	63	506
23	64	619
23	65	246
23	66	458
23	67	105
23	68	9
23	69	376
23	70	635
23	71	715
23	72	235
23	73	350
23	74	489
23	75	47
23	76	323
23	77	259
23	78	813
23	79	963
23	80	18
23	81	262
23	82	53
23	83	958
23	84	165
23	85	531
23	86	475
23	87	788
23	88	290
23	89	967
23	90	819
23	91	134
23	92	833
23	93	105
23	94	759
23	95	293
23	96	333
23	97	759
23	98	545
23	99	412
23	100	245
24	25	517
24	26	910
24	27	623
24	28	302
24	29	686
24	30	310
24	31	181
24	32	258
24	33	94
24	34	60
24	35	748
24	36	889
24	37	371
24	38	201
24	39	441
24	40	128
24	41	458
24	42	987
24	43	985
24	44	775
24	45	954
24	46	393
24	47	140
24	48	685
24	49	588
24	50	912
24	51	188
24	52	612
24	53	853
24	54	337
24	55	658
24	56	280
24	57	323
24	58	748
24	59	834
24	60	979
24	61	471
24	62	669
24	63	404
24	64	779
24	65	321
24	66	124
24	67	687
24	68	600
24	69	328
24	70	373
24	71	450
24	72	468
24	73	300
24	74	85
24	75	988
24	76	512
24	77	739
24	78	227
24	79	268
24	80	292
24	81	380
24	82	298
24	83	116
24	84	416
24	85	761
24	86	260
24	87	169
24	88	484
24	89	499
24	90	974
24	91	166
24	92	183
24	93	957
24	94	480
24	95	816
24	96	135
24	97	615
24	98	136
24	99	143
24	100	735
25	26	247
25	27	546
25	28	734
25	29	489
25	30	831
25	31	767
25	32	647
25	33	503
25	34	238
25	35	583
25	36	241
25	37	827
25	38	76
25	39	722
25	40	559
25	41	21
25	42	619
25	43	106
25	44	839
25	45	146
25	46	159
25	47	501
25	48	634
25	49	390
25	50	569
25	51	267
25	52	329
25	53	472
25	54	350
25	55	251
25	56	443
25	57	327
25	58	452
25	59	733
25	60	787
25	61	209
25	62	884
25	63	272
25	64	185
25	65	652
25	66	181
25	67	684
25	68	694
25	69	31
25	70	72
25	71	644
25	72	226
25	73	260
25	74	188
25	75	305
25	76	955
25	77	408
25	78	613
25	79	349
25	80	971
25	81	593
25	82	833
25	83	462
25	84	149
25	85	866
25	86	993
25	87	486
25	88	481
25	89	174
25	90	969
25	91	237
25	92	877
25	93	299
25	94	654
25	95	963
25	96	936
25	97	951
25	98	732
25	99	989
25	100	806
26	27	954
26	28	105
26	29	388
26	30	780
26	31	100
26	32	739
26	33	451
26	34	176
26	35	83
26	36	618
26	37	399
26	38	768
26	39	812
26	40	898
26	41	266
26	42	602
26	43	51
26	44	42
26	45	326
26	46	963
26	47	471
26	48	644
26	49	56
26	50	266
26	51	513
26	52	493
26	53	72
26	54	356
26	55	900
26	56	902
26	57	596
26	58	57
26	59	737
26	60	382
26	61	225
26	62	460
26	63	859
26	64	843
26	65	387
26	66	857
26	67	486
26	68	158
26	69	873
26	70	419
26	71	399
26	72	44
26	73	448
26	74	168
26	75	294
26	76	886
26	77	797
26	78	878
26	79	870
26	80	999
26	81	900
26	82	638
26	83	8
26	84	157
26	85	398
26	86	831
26	87	256
26	88	782
26	89	790
26	90	847
26	91	926
26	92	733
26	93	540
26	94	413
26	95	244
26	96	550
26	97	817
26	98	267
26	99	307
26	100	712
27	28	178
27	29	800
27	30	913
27	31	350
27	32	845
27	33	266
27	34	695
27	35	212
27	36	806
27	37	566
27	38	752
27	39	277
27	40	132
27	41	82
27	42	154
27	43	339
27	44	496
27	45	349
27	46	479
27	47	467
27	48	335
27	49	615
27	50	773
27	51	708
27	52	420
27	53	587
27	54	942
27	55	40
27	56	965
27	57	229
27	58	538
27	59	494
27	60	199
27	61	877
27	62	490
27	63	683
27	64	60
27	65	44
27	66	759
27	67	49
27	68	442
27	69	658
27	70	857
27	71	787
27	72	260
27	73	525
27	74	254
27	75	923
27	76	458
27	77	659
27	78	931
27	79	447
27	80	801
27	81	718
27	82	284
27	83	22
27	84	905
27	85	785
27	86	829
27	87	296
27	88	197
27	89	586
27	90	466
27	91	982
27	92	529
27	93	215
27	94	488
27	95	762
27	96	809
27	97	698
27	98	148
27	99	111
27	100	813
28	29	244
28	30	626
28	31	376
28	32	457
28	33	248
28	34	37
28	35	92
28	36	522
28	37	904
28	38	64
28	39	289
28	40	789
28	41	518
28	42	75
28	43	429
28	44	922
28	45	544
28	46	277
28	47	301
28	48	722
28	49	616
28	50	507
28	51	707
28	52	727
28	53	556
28	54	520
28	55	303
28	56	44
28	57	188
28	58	680
28	59	30
28	60	692
28	61	750
28	62	666
28	63	143
28	64	279
28	65	608
28	66	624
28	67	535
28	68	24
28	69	871
28	70	995
28	71	698
28	72	498
28	73	256
28	74	82
28	75	402
28	76	451
28	77	12
28	78	78
28	79	35
28	80	962
28	81	487
28	82	343
28	83	554
28	84	490
28	85	112
28	86	70
28	87	48
28	88	694
28	89	717
28	90	238
28	91	388
28	92	889
28	93	4
28	94	140
28	95	646
28	96	340
28	97	314
28	98	783
28	99	921
28	100	700
29	30	542
29	31	539
29	32	267
29	33	36
29	34	721
29	35	722
29	36	315
29	37	513
29	38	725
29	39	952
29	40	589
29	41	935
29	42	688
29	43	981
29	44	862
29	45	321
29	46	637
29	47	722
29	48	760
29	49	797
29	50	221
29	51	90
29	52	89
29	53	524
29	54	610
29	55	455
29	56	142
29	57	567
29	58	880
29	59	878
29	60	295
29	61	755
29	62	728
29	63	813
29	64	688
29	65	281
29	66	260
29	67	777
29	68	630
29	69	88
29	70	8
29	71	678
29	72	835
29	73	429
29	74	431
29	75	239
29	76	679
29	77	540
29	78	346
29	79	690
29	80	397
29	81	137
29	82	810
29	83	987
29	84	861
29	85	254
29	86	818
29	87	782
29	88	275
29	89	228
29	90	360
29	91	582
29	92	311
29	93	417
29	94	640
29	95	483
29	96	370
29	97	200
29	98	812
29	99	5
29	100	100
30	31	637
30	32	905
30	33	997
30	34	224
30	35	924
30	36	162
30	37	796
30	38	964
30	39	319
30	40	474
30	41	701
30	42	365
30	43	170
30	44	521
30	45	396
30	46	993
30	47	811
30	48	977
30	49	596
30	50	141
30	51	663
30	52	584
30	53	383
30	54	774
30	55	464
30	56	586
30	57	121
30	58	815
30	59	211
30	60	895
30	61	230
30	62	507
30	63	732
30	64	59
30	65	668
30	66	414
30	67	809
30	68	645
30	69	219
30	70	605
30	71	344
30	72	825
30	73	954
30	74	90
30	75	221
30	76	991
30	77	483
30	78	121
30	79	970
30	80	145
30	81	774
30	82	792
30	83	585
30	84	704
30	85	135
30	86	871
30	87	588
30	88	838
30	89	325
30	90	576
30	91	352
30	92	396
30	93	932
30	94	379
30	95	23
30	96	649
30	97	134
30	98	882
30	99	145
30	100	648
31	32	359
31	33	925
31	34	559
31	35	510
31	36	619
31	37	667
31	38	522
31	39	610
31	40	131
31	41	491
31	42	813
31	43	405
31	44	378
31	45	561
31	46	246
31	47	167
31	48	71
31	49	485
31	50	335
31	51	246
31	52	41
31	53	949
31	54	411
31	55	4
31	56	238
31	57	786
31	58	475
31	59	591
31	60	772
31	61	43
31	62	1000
31	63	797
31	64	554
31	65	673
31	66	168
31	67	688
31	68	291
31	69	720
31	70	615
31	71	803
31	72	903
31	73	339
31	74	866
31	75	394
31	76	821
31	77	987
31	78	916
31	79	314
31	80	718
31	81	823
31	82	939
31	83	600
31	84	927
31	85	789
31	86	797
31	87	541
31	88	134
31	89	886
31	90	871
31	91	334
31	92	724
31	93	679
31	94	959
31	95	548
31	96	692
31	97	715
31	98	481
31	99	61
31	100	227
32	33	592
32	34	34
32	35	663
32	36	717
32	37	646
32	38	401
32	39	245
32	40	282
32	41	550
32	42	475
32	43	103
32	44	678
32	45	644
32	46	266
32	47	870
32	48	854
32	49	340
32	50	168
32	51	996
32	52	950
32	53	619
32	54	463
32	55	683
32	56	957
32	57	856
32	58	332
32	59	939
32	60	863
32	61	280
32	62	675
32	63	784
32	64	16
32	65	124
32	66	922
32	67	9
32	68	112
32	69	120
32	70	353
32	71	707
32	72	992
32	73	698
32	74	619
32	75	594
32	76	430
32	77	926
32	78	37
32	79	42
32	80	687
32	81	147
32	82	98
32	83	236
32	84	52
32	85	185
32	86	861
32	87	34
32	88	787
32	89	662
32	90	987
32	91	169
32	92	394
32	93	452
32	94	883
32	95	600
32	96	647
32	97	949
32	98	276
32	99	719
32	100	757
33	34	890
33	35	570
33	36	902
33	37	534
33	38	112
33	39	857
33	40	831
33	41	482
33	42	326
33	43	203
33	44	201
33	45	432
33	46	534
33	47	767
33	48	294
33	49	944
33	50	781
33	51	353
33	52	39
33	53	411
33	54	904
33	55	152
33	56	158
33	57	657
33	58	167
33	59	79
33	60	941
33	61	43
33	62	616
33	63	149
33	64	706
33	65	444
33	66	117
33	67	229
33	68	896
33	69	561
33	70	778
33	71	255
33	72	7
33	73	575
33	74	978
33	75	191
33	76	84
33	77	741
33	78	834
33	79	935
33	80	681
33	81	581
33	82	718
33	83	712
33	84	344
33	85	795
33	86	604
33	87	423
33	88	874
33	89	685
33	90	334
33	91	140
33	92	484
33	93	544
33	94	204
33	95	222
33	96	714
33	97	557
33	98	915
33	99	730
33	100	785
34	35	153
34	36	700
34	37	717
34	38	87
34	39	895
34	40	370
34	41	910
34	42	331
34	43	906
34	44	946
34	45	191
34	46	275
34	47	251
34	48	367
34	49	605
34	50	178
34	51	328
34	52	179
34	53	94
34	54	837
34	55	797
34	56	612
34	57	432
34	58	120
34	59	214
34	60	672
34	61	52
34	62	553
34	63	548
34	64	229
34	65	842
34	66	953
34	67	913
34	68	316
34	69	217
34	70	262
34	71	699
34	72	459
34	73	325
34	74	647
34	75	964
34	76	127
34	77	935
34	78	239
34	79	428
34	80	348
34	81	396
34	82	607
34	83	279
34	84	224
34	85	678
34	86	585
34	87	220
34	88	313
34	89	83
34	90	400
34	91	753
34	92	716
34	93	944
34	94	351
34	95	910
34	96	339
34	97	824
34	98	739
34	99	759
34	100	800
35	36	758
35	37	695
35	38	879
35	39	366
35	40	333
35	41	608
35	42	279
35	43	455
35	44	924
35	45	906
35	46	6
35	47	84
35	48	261
35	49	849
35	50	416
35	51	685
35	52	71
35	53	808
35	54	495
35	55	700
35	56	14
35	57	961
35	58	320
35	59	330
35	60	534
35	61	36
35	62	611
35	63	798
35	64	199
35	65	960
35	66	114
35	67	48
35	68	583
35	69	548
35	70	916
35	71	283
35	72	909
35	73	490
35	74	531
35	75	369
35	76	297
35	77	461
35	78	149
35	79	379
35	80	843
35	81	676
35	82	797
35	83	976
35	84	313
35	85	524
35	86	175
35	87	163
35	88	589
35	89	910
35	90	879
35	91	238
35	92	312
35	93	117
35	94	603
35	95	216
35	96	933
35	97	834
35	98	698
35	99	54
35	100	81
36	37	972
36	38	923
36	39	5
36	40	11
36	41	178
36	42	569
36	43	749
36	44	402
36	45	723
36	46	430
36	47	49
36	48	383
36	49	584
36	50	536
36	51	728
36	52	335
36	53	525
36	54	273
36	55	945
36	56	982
36	57	417
36	58	866
36	59	552
36	60	169
36	61	187
36	62	711
36	63	872
36	64	339
36	65	821
36	66	103
36	67	542
36	68	893
36	69	167
36	70	378
36	71	686
36	72	583
36	73	399
36	74	451
36	75	814
36	76	98
36	77	647
36	78	833
36	79	490
36	80	148
36	81	67
36	82	708
36	83	966
36	84	504
36	85	860
36	86	338
36	87	613
36	88	703
36	89	892
36	90	490
36	91	969
36	92	603
36	93	715
36	94	792
36	95	58
36	96	974
36	97	169
36	98	780
36	99	91
36	100	195
37	38	411
37	39	611
37	40	450
37	41	880
37	42	760
37	43	595
37	44	967
37	45	420
37	46	213
37	47	202
37	48	332
37	49	449
37	50	749
37	51	75
37	52	973
37	53	256
37	54	202
37	55	300
37	56	394
37	57	352
37	58	932
37	59	576
37	60	877
37	61	91
37	62	439
37	63	106
37	64	128
37	65	953
37	66	594
37	67	7
37	68	395
37	69	851
37	70	38
37	71	927
37	72	938
37	73	717
37	74	651
37	75	73
37	76	32
37	77	91
37	78	756
37	79	288
37	80	728
37	81	248
37	82	456
37	83	386
37	84	940
37	85	606
37	86	580
37	87	560
37	88	818
37	89	593
37	90	435
37	91	908
37	92	91
37	93	182
37	94	645
37	95	954
37	96	555
37	97	264
37	98	76
37	99	91
37	100	492
38	39	330
38	40	452
38	41	905
38	42	920
38	43	921
38	44	81
38	45	343
38	46	28
38	47	919
38	48	789
38	49	180
38	50	470
38	51	424
38	52	602
38	53	525
38	54	904
38	55	698
38	56	313
38	57	333
38	58	456
38	59	693
38	60	650
38	61	324
38	62	673
38	63	629
38	64	598
38	65	277
38	66	641
38	67	781
38	68	24
38	69	781
38	70	835
38	71	491
38	72	180
38	73	214
38	74	99
38	75	306
38	76	528
38	77	302
38	78	393
38	79	810
38	80	971
38	81	546
38	82	137
38	83	103
38	84	942
38	85	952
38	86	460
38	87	680
38	88	362
38	89	503
38	90	651
38	91	429
38	92	769
38	93	664
38	94	864
38	95	191
38	96	60
38	97	957
38	98	29
38	99	855
38	100	773
39	40	754
39	41	364
39	42	980
39	43	533
39	44	645
39	45	49
39	46	497
39	47	78
39	48	802
39	49	105
39	50	233
39	51	106
39	52	532
39	53	359
39	54	782
39	55	708
39	56	225
39	57	107
39	58	398
39	59	979
39	60	522
39	61	71
39	62	579
39	63	154
39	64	969
39	65	322
39	66	284
39	67	216
39	68	870
39	69	245
39	70	212
39	71	707
39	72	544
39	73	155
39	74	263
39	75	156
39	76	516
39	77	855
39	78	381
39	79	980
39	80	417
39	81	105
39	82	322
39	83	759
39	84	643
39	85	172
39	86	499
39	87	597
39	88	473
39	89	739
39	90	611
39	91	522
39	92	60
39	93	110
39	94	960
39	95	764
39	96	280
39	97	323
39	98	969
39	99	602
39	100	399
40	41	39
40	42	713
40	43	616
40	44	310
40	45	102
40	46	165
40	47	314
40	48	125
40	49	251
40	50	700
40	51	781
40	52	421
40	53	279
40	54	571
40	55	208
40	56	530
40	57	338
40	58	40
40	59	115
40	60	390
40	61	137
40	62	412
40	63	840
40	64	827
40	65	313
40	66	202
40	67	83
40	68	31
40	69	545
40	70	172
40	71	565
40	72	150
40	73	248
40	74	450
40	75	657
40	76	709
40	77	734
40	78	411
40	79	704
40	80	121
40	81	531
40	82	802
40	83	969
40	84	206
40	85	567
40	86	750
40	87	917
40	88	239
40	89	61
40	90	919
40	91	205
40	92	641
40	93	292
40	94	496
40	95	182
40	96	105
40	97	257
40	98	896
40	99	194
40	100	642
41	42	806
41	43	795
41	44	244
41	45	491
41	46	658
41	47	234
41	48	574
41	49	637
41	50	475
41	51	830
41	52	206
41	53	473
41	54	72
41	55	512
41	56	516
41	57	876
41	58	940
41	59	601
41	60	524
41	61	276
41	62	406
41	63	771
41	64	987
41	65	239
41	66	43
41	67	319
41	68	488
41	69	190
41	70	803
41	71	863
41	72	87
41	73	132
41	74	312
41	75	116
41	76	147
41	77	280
41	78	845
41	79	159
41	80	708
41	81	604
41	82	391
41	83	188
41	84	606
41	85	881
41	86	594
41	87	685
41	88	710
41	89	790
41	90	518
41	91	827
41	92	366
41	93	810
41	94	615
41	95	107
41	96	349
41	97	445
41	98	357
41	99	964
41	100	997
42	43	151
42	44	163
42	45	658
42	46	700
42	47	429
42	48	989
42	49	872
42	50	671
42	51	188
42	52	555
42	53	580
42	54	909
42	55	993
42	56	523
42	57	572
42	58	828
42	59	54
42	60	904
42	61	648
42	62	750
42	63	793
42	64	101
42	65	56
42	66	203
42	67	345
42	68	346
42	69	220
42	70	319
42	71	926
42	72	878
42	73	452
42	74	140
42	75	942
42	76	19
42	77	31
42	78	320
42	79	187
42	80	51
42	81	807
42	82	846
42	83	775
42	84	549
42	85	52
42	86	620
42	87	718
42	88	726
42	89	905
42	90	877
42	91	6
42	92	615
42	93	695
42	94	434
42	95	161
42	96	281
42	97	721
42	98	45
42	99	857
42	100	888
43	44	769
43	45	993
43	46	648
43	47	591
43	48	81
43	49	265
43	50	289
43	51	918
43	52	733
43	53	413
43	54	437
43	55	52
43	56	920
43	57	297
43	58	758
43	59	465
43	60	436
43	61	507
43	62	556
43	63	413
43	64	491
43	65	65
43	66	552
43	67	630
43	68	740
43	69	474
43	70	872
43	71	900
43	72	349
43	73	521
43	74	389
43	75	223
43	76	961
43	77	21
43	78	620
43	79	107
43	80	326
43	81	235
43	82	814
43	83	201
43	84	746
43	85	422
43	86	278
43	87	641
43	88	751
43	89	318
43	90	612
43	91	627
43	92	219
43	93	371
43	94	118
43	95	382
43	96	969
43	97	808
43	98	396
43	99	385
43	100	408
44	45	441
44	46	104
44	47	279
44	48	512
44	49	612
44	50	945
44	51	108
44	52	598
44	53	193
44	54	909
44	55	682
44	56	723
44	57	845
44	58	900
44	59	3
44	60	69
44	61	563
44	62	388
44	63	937
44	64	63
44	65	188
44	66	329
44	67	199
44	68	983
44	69	810
44	70	985
44	71	89
44	72	502
44	73	500
44	74	963
44	75	646
44	76	886
44	77	359
44	78	357
44	79	81
44	80	761
44	81	876
44	82	389
44	83	361
44	84	408
44	85	639
44	86	594
44	87	311
44	88	359
44	89	350
44	90	828
44	91	512
44	92	466
44	93	902
44	94	359
44	95	351
44	96	987
44	97	429
44	98	43
44	99	645
44	100	676
45	46	366
45	47	958
45	48	757
45	49	808
45	50	830
45	51	663
45	52	911
45	53	880
45	54	711
45	55	343
45	56	312
45	57	408
45	58	904
45	59	58
45	60	530
45	61	667
45	62	331
45	63	430
45	64	60
45	65	228
45	66	183
45	67	18
45	68	37
45	69	156
45	70	666
45	71	8
45	72	899
45	73	790
45	74	582
45	75	402
45	76	841
45	77	103
45	78	803
45	79	927
45	80	732
45	81	477
45	82	390
45	83	113
45	84	78
45	85	969
45	86	691
45	87	235
45	88	878
45	89	140
45	90	128
45	91	422
45	92	515
45	93	181
45	94	680
45	95	166
45	96	945
45	97	876
45	98	857
45	99	43
45	100	635
46	47	646
46	48	45
46	49	177
46	50	73
46	51	940
46	52	141
46	53	792
46	54	285
46	55	966
46	56	700
46	57	62
46	58	919
46	59	88
46	60	151
46	61	741
46	62	533
46	63	83
46	64	738
46	65	799
46	66	933
46	67	27
46	68	138
46	69	46
46	70	154
46	71	342
46	72	748
46	73	705
46	74	241
46	75	949
46	76	36
46	77	692
46	78	815
46	79	617
46	80	205
46	81	812
46	82	496
46	83	540
46	84	14
46	85	234
46	86	720
46	87	673
46	88	100
46	89	642
46	90	737
46	91	95
46	92	382
46	93	598
46	94	835
46	95	405
46	96	884
46	97	936
46	98	311
46	99	337
46	100	581
47	48	414
47	49	778
47	50	405
47	51	16
47	52	473
47	53	3
47	54	850
47	55	107
47	56	716
47	57	318
47	58	532
47	59	118
47	60	123
47	61	396
47	62	211
47	63	560
47	64	530
47	65	39
47	66	496
47	67	394
47	68	261
47	69	185
47	70	961
47	71	171
47	72	990
47	73	890
47	74	605
47	75	526
47	76	810
47	77	490
47	78	39
47	79	183
47	80	715
47	81	571
47	82	257
47	83	773
47	84	352
47	85	107
47	86	12
47	87	693
47	88	29
47	89	540
47	90	444
47	91	43
47	92	618
47	93	408
47	94	842
47	95	43
47	96	754
47	97	860
47	98	602
47	99	190
47	100	129
48	49	647
48	50	399
48	51	412
48	52	887
48	53	548
48	54	623
48	55	407
48	56	537
48	57	314
48	58	535
48	59	613
48	60	646
48	61	346
48	62	565
48	63	653
48	64	945
48	65	402
48	66	460
48	67	844
48	68	454
48	69	652
48	70	203
48	71	534
48	72	585
48	73	603
48	74	543
48	75	861
48	76	204
48	77	133
48	78	297
48	79	580
48	80	639
48	81	337
48	82	440
48	83	154
48	84	941
48	85	516
48	86	627
48	87	386
48	88	962
48	89	141
48	90	252
48	91	708
48	92	98
48	93	625
48	94	560
48	95	863
48	96	994
48	97	267
48	98	389
48	99	92
48	100	352
49	50	75
49	51	233
49	52	39
49	53	196
49	54	577
49	55	634
49	56	934
49	57	136
49	58	669
49	59	980
49	60	95
49	61	950
49	62	344
49	63	776
49	64	194
49	65	527
49	66	734
49	67	403
49	68	727
49	69	707
49	70	801
49	71	854
49	72	758
49	73	594
49	74	963
49	75	552
49	76	741
49	77	335
49	78	71
49	79	267
49	80	218
49	81	170
49	82	517
49	83	674
49	84	912
49	85	940
49	86	364
49	87	560
49	88	318
49	89	559
49	90	972
49	91	665
49	92	884
49	93	777
49	94	473
49	95	475
49	96	234
49	97	611
49	98	249
49	99	420
49	100	736
50	51	663
50	52	328
50	53	637
50	54	609
50	55	430
50	56	237
50	57	541
50	58	659
50	59	649
50	60	623
50	61	794
50	62	747
50	63	698
50	64	92
50	65	118
50	66	549
50	67	952
50	68	647
50	69	435
50	70	597
50	71	19
50	72	802
50	73	314
50	74	627
50	75	144
50	76	613
50	77	797
50	78	469
50	79	688
50	80	221
50	81	326
50	82	102
50	83	617
50	84	296
50	85	995
50	86	173
50	87	995
50	88	456
50	89	56
50	90	688
50	91	378
50	92	843
50	93	170
50	94	50
50	95	620
50	96	872
50	97	626
50	98	991
50	99	491
50	100	527
51	52	896
51	53	891
51	54	560
51	55	86
51	56	393
51	57	383
51	58	863
51	59	699
51	60	114
51	61	601
51	62	507
51	63	554
51	64	552
51	65	50
51	66	663
51	67	452
51	68	12
51	69	884
51	70	261
51	71	236
51	72	876
51	73	703
51	74	818
51	75	942
51	76	653
51	77	807
51	78	498
51	79	549
51	80	198
51	81	207
51	82	945
51	83	822
51	84	711
51	85	916
51	86	252
51	87	551
51	88	130
51	89	377
51	90	315
51	91	557
51	92	637
51	93	202
51	94	543
51	95	630
51	96	991
51	97	362
51	98	55
51	99	900
51	100	300
52	53	257
52	54	510
52	55	736
52	56	946
52	57	758
52	58	451
52	59	81
52	60	256
52	61	290
52	62	252
52	63	209
52	64	105
52	65	687
52	66	538
52	67	448
52	68	506
52	69	626
52	70	713
52	71	258
52	72	663
52	73	209
52	74	205
52	75	683
52	76	183
52	77	461
52	78	670
52	79	931
52	80	479
52	81	221
52	82	723
52	83	536
52	84	159
52	85	124
52	86	577
52	87	532
52	88	323
52	89	59
52	90	756
52	91	928
52	92	794
52	93	407
52	94	638
52	95	713
52	96	202
52	97	713
52	98	744
52	99	775
52	100	37
53	54	786
53	55	640
53	56	71
53	57	11
53	58	351
53	59	958
53	60	586
53	61	997
53	62	102
53	63	987
53	64	893
53	65	800
53	66	444
53	67	769
53	68	367
53	69	630
53	70	548
53	71	68
53	72	871
53	73	385
53	74	805
53	75	277
53	76	582
53	77	507
53	78	931
53	79	975
53	80	920
53	81	664
53	82	608
53	83	390
53	84	65
53	85	975
53	86	125
53	87	517
53	88	84
53	89	15
53	90	174
53	91	463
53	92	410
53	93	271
53	94	599
53	95	364
53	96	249
53	97	305
53	98	159
53	99	701
53	100	704
54	55	379
54	56	981
54	57	392
54	58	717
54	59	299
54	60	236
54	61	122
54	62	466
54	63	661
54	64	879
54	65	370
54	66	594
54	67	571
54	68	65
54	69	612
54	70	319
54	71	705
54	72	155
54	73	966
54	74	505
54	75	366
54	76	151
54	77	706
54	78	136
54	79	367
54	80	622
54	81	888
54	82	528
54	83	413
54	84	41
54	85	525
54	86	490
54	87	705
54	88	576
54	89	811
54	90	92
54	91	433
54	92	131
54	93	716
54	94	37
54	95	64
54	96	139
54	97	441
54	98	694
54	99	417
54	100	493
55	56	635
55	57	901
55	58	536
55	59	529
55	60	513
55	61	898
55	62	934
55	63	888
55	64	45
55	65	93
55	66	267
55	67	79
55	68	188
55	69	198
55	70	389
55	71	957
55	72	548
55	73	964
55	74	145
55	75	26
55	76	33
55	77	54
55	78	778
55	79	998
55	80	21
55	81	29
55	82	86
55	83	653
55	84	264
55	85	508
55	86	930
55	87	723
55	88	384
55	89	783
55	90	843
55	91	519
55	92	437
55	93	483
55	94	558
55	95	423
55	96	727
55	97	171
55	98	542
55	99	898
55	100	590
56	57	958
56	58	857
56	59	975
56	60	420
56	61	398
56	62	815
56	63	745
56	64	631
56	65	316
56	66	960
56	67	967
56	68	287
56	69	964
56	70	416
56	71	373
56	72	370
56	73	738
56	74	836
56	75	65
56	76	674
56	77	669
56	78	169
56	79	326
56	80	439
56	81	218
56	82	883
56	83	715
56	84	474
56	85	245
56	86	453
56	87	891
56	88	30
56	89	262
56	90	1
56	91	440
56	92	706
56	93	833
56	94	186
56	95	717
56	96	218
56	97	598
56	98	662
56	99	40
56	100	913
57	58	347
57	59	904
57	60	978
57	61	448
57	62	871
57	63	292
57	64	612
57	65	862
57	66	317
57	67	312
57	68	345
57	69	312
57	70	627
57	71	749
57	72	378
57	73	132
57	74	340
57	75	51
57	76	658
57	77	906
57	78	542
57	79	130
57	80	681
57	81	265
57	82	907
57	83	655
57	84	171
57	85	460
57	86	303
57	87	124
57	88	513
57	89	803
57	90	756
57	91	64
57	92	222
57	93	972
57	94	285
57	95	661
57	96	202
57	97	595
57	98	505
57	99	134
57	100	200
58	59	372
58	60	63
58	61	388
58	62	438
58	63	358
58	64	557
58	65	434
58	66	804
58	67	505
58	68	205
58	69	818
58	70	220
58	71	54
58	72	438
58	73	68
58	74	71
58	75	695
58	76	714
58	77	266
58	78	335
58	79	195
58	80	749
58	81	270
58	82	622
58	83	387
58	84	960
58	85	426
58	86	320
58	87	283
58	88	468
58	89	264
58	90	849
58	91	502
58	92	502
58	93	430
58	94	468
58	95	624
58	96	967
58	97	901
58	98	638
58	99	218
58	100	608
59	60	102
59	61	678
59	62	235
59	63	444
59	64	211
59	65	16
59	66	801
59	67	956
59	68	172
59	69	819
59	70	943
59	71	512
59	72	9
59	73	175
59	74	960
59	75	953
59	76	140
59	77	685
59	78	781
59	79	165
59	80	295
59	81	830
59	82	904
59	83	775
59	84	618
59	85	555
59	86	34
59	87	678
59	88	87
59	89	650
59	90	935
59	91	642
59	92	86
59	93	718
59	94	339
59	95	397
59	96	658
59	97	650
59	98	320
59	99	162
59	100	170
60	61	268
60	62	331
60	63	785
60	64	369
60	65	707
60	66	668
60	67	472
60	68	146
60	69	509
60	70	549
60	71	31
60	72	802
60	73	16
60	74	702
60	75	692
60	76	113
60	77	110
60	78	801
60	79	313
60	80	586
60	81	401
60	82	419
60	83	607
60	84	426
60	85	939
60	86	939
60	87	469
60	88	963
60	89	745
60	90	925
60	91	419
60	92	404
60	93	252
60	94	897
60	95	709
60	96	675
60	97	963
60	98	594
60	99	94
60	100	609
61	62	533
61	63	995
61	64	345
61	65	34
61	66	324
61	67	845
61	68	795
61	69	951
61	70	78
61	71	897
61	72	740
61	73	588
61	74	88
61	75	721
61	76	94
61	77	308
61	78	130
61	79	438
61	80	397
61	81	365
61	82	509
61	83	337
61	84	285
61	85	98
61	86	732
61	87	378
61	88	702
61	89	845
61	90	743
61	91	104
61	92	935
61	93	934
61	94	140
61	95	379
61	96	861
61	97	135
61	98	613
61	99	229
61	100	445
62	63	700
62	64	374
62	65	189
62	66	452
62	67	691
62	68	812
62	69	866
62	70	849
62	71	706
62	72	58
62	73	206
62	74	608
62	75	945
62	76	855
62	77	653
62	78	560
62	79	650
62	80	690
62	81	515
62	82	531
62	83	740
62	84	779
62	85	899
62	86	773
62	87	116
62	88	148
62	89	696
62	90	462
62	91	108
62	92	268
62	93	430
62	94	719
62	95	932
62	96	945
62	97	882
62	98	493
62	99	688
62	100	939
63	64	208
63	65	240
63	66	837
63	67	589
63	68	656
63	69	440
63	70	296
63	71	448
63	72	83
63	73	10
63	74	576
63	75	156
63	76	75
63	77	170
63	78	800
63	79	118
63	80	298
63	81	479
63	82	967
63	83	98
63	84	346
63	85	586
63	86	136
63	87	747
63	88	359
63	89	665
63	90	56
63	91	237
63	92	652
63	93	922
63	94	511
63	95	636
63	96	448
63	97	791
63	98	643
63	99	512
63	100	1000
64	65	38
64	66	270
64	67	687
64	68	407
64	69	679
64	70	502
64	71	67
64	72	859
64	73	505
64	74	595
64	75	361
64	76	345
64	77	864
64	78	235
64	79	855
64	80	562
64	81	7
64	82	553
64	83	479
64	84	430
64	85	937
64	86	981
64	87	508
64	88	307
64	89	173
64	90	859
64	91	8
64	92	488
64	93	104
64	94	554
64	95	387
64	96	607
64	97	837
64	98	330
64	99	401
64	100	183
65	66	298
65	67	728
65	68	135
65	69	757
65	70	20
65	71	304
65	72	260
65	73	461
65	74	353
65	75	51
65	76	843
65	77	430
65	78	842
65	79	401
65	80	327
65	81	515
65	82	900
65	83	363
65	84	586
65	85	976
65	86	163
65	87	896
65	88	551
65	89	484
65	90	204
65	91	657
65	92	361
65	93	971
65	94	531
65	95	787
65	96	586
65	97	715
65	98	668
65	99	147
65	100	689
66	67	876
66	68	599
66	69	277
66	70	691
66	71	414
66	72	558
66	73	53
66	74	120
66	75	439
66	76	789
66	77	175
66	78	704
66	79	663
66	80	285
66	81	966
66	82	138
66	83	551
66	84	456
66	85	357
66	86	370
66	87	872
66	88	762
66	89	756
66	90	255
66	91	22
66	92	73
66	93	312
66	94	237
66	95	762
66	96	961
66	97	365
66	98	664
66	99	863
66	100	819
67	68	651
67	69	944
67	70	737
67	71	387
67	72	641
67	73	544
67	74	842
67	75	989
67	76	442
67	77	840
67	78	72
67	79	687
67	80	56
67	81	822
67	82	825
67	83	264
67	84	911
67	85	20
67	86	881
67	87	980
67	88	810
67	89	916
67	90	519
67	91	127
67	92	934
67	93	452
67	94	373
67	95	554
67	96	408
67	97	286
67	98	851
67	99	568
67	100	17
68	69	258
68	70	117
68	71	112
68	72	717
68	73	401
68	74	148
68	75	981
68	76	503
68	77	853
68	78	189
68	79	518
68	80	934
68	81	40
68	82	587
68	83	329
68	84	222
68	85	402
68	86	937
68	87	498
68	88	537
68	89	72
68	90	882
68	91	338
68	92	158
68	93	291
68	94	815
68	95	191
68	96	586
68	97	331
68	98	225
68	99	8
68	100	681
69	70	861
69	71	377
69	72	670
69	73	556
69	74	90
69	75	165
69	76	318
69	77	592
69	78	991
69	79	692
69	80	470
69	81	784
69	82	619
69	83	229
69	84	392
69	85	19
69	86	720
69	87	51
69	88	174
69	89	71
69	90	164
69	91	729
69	92	96
69	93	301
69	94	499
69	95	55
69	96	485
69	97	679
69	98	259
69	99	303
69	100	135
70	71	832
70	72	306
70	73	594
70	74	162
70	75	103
70	76	762
70	77	650
70	78	857
70	79	284
70	80	452
70	81	264
70	82	85
70	83	124
70	84	780
70	85	672
70	86	246
70	87	600
70	88	853
70	89	210
70	90	420
70	91	470
70	92	785
70	93	716
70	94	694
70	95	228
70	96	129
70	97	405
70	98	722
70	99	1000
70	100	64
71	72	23
71	73	894
71	74	463
71	75	24
71	76	382
71	77	968
71	78	973
71	79	88
71	80	939
71	81	192
71	82	434
71	83	980
71	84	353
71	85	652
71	86	627
71	87	931
71	88	442
71	89	630
71	90	254
71	91	666
71	92	822
71	93	266
71	94	118
71	95	397
71	96	96
71	97	796
71	98	833
71	99	603
71	100	9
72	73	841
72	74	220
72	75	947
72	76	524
72	77	543
72	78	832
72	79	822
72	80	298
72	81	80
72	82	568
72	83	422
72	84	138
72	85	1000
72	86	550
72	87	610
72	88	97
72	89	457
72	90	843
72	91	585
72	92	140
72	93	725
72	94	907
72	95	887
72	96	611
72	97	275
72	98	136
72	99	18
72	100	500
73	74	400
73	75	306
73	76	589
73	77	93
73	78	936
73	79	25
73	80	128
73	81	726
73	82	716
73	83	470
73	84	786
73	85	798
73	86	210
73	87	580
73	88	760
73	89	137
73	90	670
73	91	81
73	92	801
73	93	769
73	94	339
73	95	93
73	96	809
73	97	988
73	98	113
73	99	367
73	100	990
74	75	504
74	76	203
74	77	300
74	78	34
74	79	89
74	80	198
74	81	434
74	82	475
74	83	968
74	84	119
74	85	659
74	86	807
74	87	531
74	88	770
74	89	798
74	90	589
74	91	841
74	92	523
74	93	963
74	94	390
74	95	405
74	96	464
74	97	770
74	98	176
74	99	221
74	100	33
75	76	967
75	77	761
75	78	827
75	79	282
75	80	179
75	81	144
75	82	980
75	83	509
75	84	66
75	85	121
75	86	715
75	87	483
75	88	659
75	89	418
75	90	530
75	91	880
75	92	736
75	93	219
75	94	795
75	95	735
75	96	920
75	97	663
75	98	254
75	99	818
75	100	207
76	77	129
76	78	237
76	79	47
76	80	268
76	81	703
76	82	101
76	83	872
76	84	880
76	85	382
76	86	599
76	87	553
76	88	794
76	89	870
76	90	549
76	91	178
76	92	861
76	93	25
76	94	210
76	95	220
76	96	394
76	97	815
76	98	352
76	99	480
76	100	712
77	78	60
77	79	802
77	80	632
77	81	241
77	82	181
77	83	947
77	84	853
77	85	318
77	86	371
77	87	464
77	88	622
77	89	783
77	90	801
77	91	438
77	92	415
77	93	239
77	94	688
77	95	588
77	96	350
77	97	68
77	98	961
77	99	598
77	100	985
78	79	603
78	80	810
78	81	724
78	82	705
78	83	55
78	84	737
78	85	967
78	86	335
78	87	343
78	88	307
78	89	176
78	90	429
78	91	489
78	92	845
78	93	698
78	94	584
78	95	132
78	96	937
78	97	202
78	98	543
78	99	668
78	100	302
79	80	561
79	81	687
79	82	192
79	83	459
79	84	362
79	85	134
79	86	776
79	87	991
79	88	394
79	89	866
79	90	494
79	91	127
79	92	555
79	93	394
79	94	847
79	95	71
79	96	881
79	97	635
79	98	897
79	99	497
79	100	638
80	81	898
80	82	815
80	83	673
80	84	215
80	85	144
80	86	100
80	87	273
80	88	468
80	89	852
80	90	613
80	91	37
80	92	302
80	93	206
80	94	823
80	95	260
80	96	424
80	97	354
80	98	792
80	99	341
80	100	210
81	82	334
81	83	937
81	84	194
81	85	418
81	86	367
81	87	605
81	88	478
81	89	883
81	90	450
81	91	633
81	92	562
81	93	232
81	94	910
81	95	942
81	96	439
81	97	430
81	98	218
81	99	96
81	100	199
82	83	650
82	84	182
82	85	994
82	86	441
82	87	820
82	88	732
82	89	682
82	90	47
82	91	600
82	92	210
82	93	598
82	94	85
82	95	967
82	96	461
82	97	115
82	98	264
82	99	572
82	100	106
83	84	593
83	85	925
83	86	655
83	87	619
83	88	676
83	89	370
83	90	813
83	91	761
83	92	305
83	93	599
83	94	780
83	95	989
83	96	131
83	97	986
83	98	607
83	99	775
83	100	215
84	85	947
84	86	167
84	87	772
84	88	558
84	89	559
84	90	702
84	91	286
84	92	682
84	93	601
84	94	19
84	95	932
84	96	137
84	97	517
84	98	430
84	99	929
84	100	488
85	86	898
85	87	50
85	88	816
85	89	457
85	90	698
85	91	116
85	92	973
85	93	92
85	94	466
85	95	293
85	96	182
85	97	880
85	98	379
85	99	600
85	100	86
86	87	352
86	88	587
86	89	675
86	90	785
86	91	803
86	92	515
86	93	320
86	94	876
86	95	890
86	96	99
86	97	271
86	98	729
86	99	933
86	100	100
87	88	618
87	89	75
87	90	86
87	91	65
87	92	643
87	93	660
87	94	810
87	95	105
87	96	59
87	97	675
87	98	87
87	99	248
87	100	721
88	89	209
88	90	24
88	91	692
88	92	242
88	93	730
88	94	704
88	95	533
88	96	591
88	97	151
88	98	239
88	99	132
88	100	490
89	90	268
89	91	884
89	92	540
89	93	629
89	94	720
89	95	571
89	96	894
89	97	98
89	98	408
89	99	506
89	100	410
90	91	900
90	92	530
90	93	729
90	94	412
90	95	19
90	96	204
90	97	809
90	98	776
90	99	480
90	100	99
91	92	202
91	93	751
91	94	514
91	95	697
91	96	610
91	97	922
91	98	600
91	99	312
91	100	331
92	93	407
92	94	316
92	95	112
92	96	60
92	97	594
92	98	158
92	99	169
92	100	75
93	94	712
93	95	226
93	96	96
93	97	425
93	98	443
93	99	478
93	100	173
94	95	905
94	96	88
94	97	110
94	98	671
94	99	13
94	100	604
95	96	755
95	97	112
95	98	435
95	99	957
95	100	474
96	97	886
96	98	993
96	99	622
96	100	973
97	98	338
97	99	781
97	100	313
98	99	94
98	100	338
99	100	731
